,file_name,predicted_time,closest_interval,rel_time_closest_interval
0,xa.s16.00.mhz.1973-07-31HR00_evid00123.mseed,48475.80634764906,1623,48476.377358490565
1,xa.s16.00.mhz.1974-12-25HR00_evid00174.mseed,18613.264861106873,624,18619.471698113208
2,xa.s16.00.mhz.1974-12-12HR02_evid00168.mseed,25476.342587147115,853,25463.54716981132
3,xa.s16.00.mhz.1974-11-11HR00_evid00160.mseed,34043.834943240545,1140,34041.056603773584
4,xa.s16.00.mhz.1975-02-19HR00_evid00180.mseed,36830.25306674669,1233,36820.52830188679
5,xa.s16.00.mhz.1972-09-10HR00_evid00075.mseed,45525.337685998886,1524,45517.58490566038
6,xa.s16.00.mhz.1972-11-08HR00_evid00080.mseed,42084.22439154139,1409,42080.6037735849
7,xa.s16.00.mhz.1977-06-02HR00_evid00255.mseed,47057.75952519111,1576,47071.698113207545
8,xa.s16.00.mhz.1975-03-26HR00_evid00186.mseed,47654.260727324574,1595,47639.54716981132
9,xa.s16.00.mhz.1974-05-19HR00_evid00146.mseed,48583.22661365653,1627,48595.92452830189
10,xa.s16.00.mhz.1972-11-14HR00_evid00081.mseed,49334.946760141625,1652,49343.09433962264
11,xa.s16.00.mhz.1977-04-17HR00_evid00249.mseed,45149.35684598167,1512,45158.943396226416
12,xa.s16.00.mhz.1974-12-15HR00_evid00172.mseed,45128.10719328107,1511,45129.056603773584
13,xa.s16.00.mhz.1972-11-06HR00_evid00079.mseed,28675.5803246768,960,28661.43396226415
